1	2	3
4	5	6
7	3	4
8	9	10
8	2	11
12	13	14
12	5	3
2	12	3
15	16	17
5	15	6
18	9	19
20	21	22
20	13	10
9	20	10
23	24	25
23	16	14
13	23	14
16	26	17
27	21	28
29	28	18
30	24	22
21	30	22
24	31	25
25	32	26
33	1	34
35	34	36
34	7	37
36	37	38
39	38	40
41	8	42
42	11	33
43	42	44
42	35	44
45	35	36
46	45	47
45	39	47
48	39	40
49	48	50
51	19	41
51	43	52
53	43	44
54	53	55
53	46	55
56	46	47
57	56	58
56	49	58
59	49	50
60	18	51
61	51	52
61	54	62
63	54	55
63	57	64
65	57	58
66	58	59
4	67	68
7	68	69
68	70	71
69	71	72
15	73	74
6	74	67
74	75	76
70	74	76
70	77	71
71	78	72
77	79	80
78	80	81
82	78	81
17	83	73
75	83	84
75	85	76
85	86	87
79	85	87
79	88	80
80	89	81
88	90	91
89	91	92
93	89	92
83	32	94
84	94	95
86	95	96
86	97	87
90	97	98
90	99	91
91	100	92
101	7	69
38	101	102
40	102	103
104	69	72
105	101	104
106	102	105
104	82	107
108	104	107
48	103	109
50	109	110
106	111	112
109	106	112
113	109	112
82	114	107
108	114	115
111	108	115
116	111	115
114	93	117
118	114	117
119	50	110
113	120	121
119	113	121
116	122	123
120	116	123
124	120	123
93	125	117
118	125	126
122	118	126
127	122	126
128	59	119
128	121	129
124	130	131
129	124	131
125	100	132
125	133	126
127	133	134
130	127	134
135	27	136
136	29	137
138	30	139
140	139	30
31	138	141
32	141	142
143	136	144
144	137	145
146	139	147
139	143	147
143	148	147
141	146	149
146	150	149
142	149	151
152	145	153
154	148	155
148	152	155
152	156	155
157	150	158
150	154	158
154	159	158
151	157	160
157	161	160
162	156	163
164	159	165
159	162	165
162	166	165
161	164	167
164	168	167
165	169	168
137	60	170
170	61	171
172	61	62
173	172	174
172	63	174
175	63	64
176	64	65
176	66	177
145	170	178
179	170	171
179	173	180
181	173	174
182	174	175
183	182	184
182	176	184
185	176	177
153	178	186
187	178	179
153	188	156
188	187	189
187	180	189
190	180	181
191	190	192
190	183	192
193	183	184
194	193	195
193	185	195
196	156	188
197	188	189
166	196	198
198	197	199
197	191	199
200	191	192
169	198	201
201	199	202
202	200	203
200	194	203
94	142	204
94	205	95
95	206	96
97	206	207
98	207	208
98	209	99
99	210	100
142	211	204
205	211	212
205	213	206
213	214	215
207	213	215
207	216	208
216	217	218
209	216	218
209	219	210
151	220	211
220	161	221
211	222	212
222	221	223
214	222	223
214	224	215
224	225	226
217	224	226
217	227	218
227	228	229
219	227	229
221	167	230
230	168	231
231	169	232
221	233	223
233	231	234
225	233	234
234	232	235
225	236	226
236	235	237
228	236	237
177	128	238
238	129	239
131	240	241
239	131	241
132	210	242
132	243	133
133	244	134
244	130	134
185	238	245
245	239	246
247	248	249
240	248	241
248	239	241
242	219	250
242	251	243
252	253	251
243	253	244
253	240	244
194	254	255
195	245	254
255	256	257
247	256	246
256	245	246
258	259	260
252	259	249
259	247	249
228	261	229
219	261	250
262	263	261
250	263	251
263	252	251
169	264	232
201	265	264
265	203	266
203	255	266
235	264	267
264	268	267
265	269	268
258	269	257
269	255	257
235	270	237
262	237	270
267	271	270
262	271	260
271	258	260
1	11	2
4	3	5
7	1	3
8	19	9
8	10	2
12	10	13
12	14	5
2	10	12
15	14	16
5	14	15
18	28	9
20	28	21
20	22	13
9	28	20
23	22	24
23	25	16
13	22	23
16	25	26
27	140	21
29	27	28
30	272	24
21	140	30
24	272	31
25	31	32
33	11	1
35	33	34
34	1	7
36	34	37
39	36	38
41	19	8
42	8	11
43	41	42
42	33	35
45	44	35
46	44	45
45	36	39
48	47	39
49	47	48
51	18	19
51	41	43
53	52	43
54	52	53
53	44	46
56	55	46
57	55	56
56	47	49
59	58	49
60	29	18
61	60	51
61	52	54
63	62	54
63	55	57
65	64	57
66	65	58
4	6	67
7	4	68
68	67	70
69	68	71
15	17	73
6	15	74
74	73	75
70	67	74
70	76	77
71	77	78
77	76	79
78	77	80
82	72	78
17	26	83
75	73	83
75	84	85
85	84	86
79	76	85
79	87	88
80	88	89
88	87	90
89	88	91
93	81	89
83	26	32
84	83	94
86	84	95
86	96	97
90	87	97
90	98	99
91	99	100
101	37	7
38	37	101
40	38	102
104	101	69
105	102	101
106	103	102
104	72	82
108	105	104
48	40	103
50	48	109
106	105	111
109	103	106
113	110	109
82	81	114
108	107	114
111	105	108
116	112	111
114	81	93
118	115	114
119	59	50
113	112	120
119	110	113
116	115	122
120	112	116
124	121	120
93	92	125
118	117	125
122	115	118
127	123	122
128	66	59
128	119	121
124	123	130
129	121	124
125	92	100
125	132	133
127	126	133
130	123	127
135	140	27
136	27	29
138	272	30
140	135	139
31	272	138
32	31	141
143	135	136
144	136	137
146	138	139
139	135	143
143	144	148
141	138	146
146	147	150
142	141	149
152	144	145
154	147	148
148	144	152
152	153	156
157	149	150
150	147	154
154	155	159
151	149	157
157	158	161
162	155	156
164	158	159
159	155	162
162	163	166
161	158	164
164	165	168
165	166	169
137	29	60
170	60	61
172	171	61
173	171	172
172	62	63
175	174	63
176	175	64
176	65	66
145	137	170
179	178	170
179	171	173
181	180	173
182	181	174
183	181	182
182	175	176
185	184	176
153	145	178
187	186	178
153	186	188
188	186	187
187	179	180
190	189	180
191	189	190
190	181	183
193	192	183
194	192	193
193	184	185
196	163	156
197	196	188
166	163	196
198	196	197
197	189	191
200	199	191
169	166	198
201	198	199
202	199	200
200	192	194
94	32	142
94	204	205
95	205	206
97	96	206
98	97	207
98	208	209
99	209	210
142	151	211
205	204	211
205	212	213
213	212	214
207	206	213
207	215	216
216	215	217
209	208	216
209	218	219
151	160	220
220	160	161
211	220	222
222	220	221
214	212	222
214	223	224
224	223	225
217	215	224
217	226	227
227	226	228
219	218	227
221	161	167
230	167	168
231	168	169
221	230	233
233	230	231
225	223	233
234	231	232
225	234	236
236	234	235
228	226	236
177	66	128
238	128	129
131	130	240
239	129	131
132	100	210
132	242	243
133	243	244
244	240	130
185	177	238
245	238	239
247	246	248
240	249	248
248	246	239
242	210	219
242	250	251
252	249	253
243	251	253
253	249	240
194	195	254
195	185	245
255	254	256
247	257	256
256	254	245
258	257	259
252	260	259
259	257	247
228	262	261
219	229	261
262	260	263
250	261	263
263	260	252
169	201	264
201	202	265
265	202	203
203	194	255
235	232	264
264	265	268
265	266	269
258	268	269
269	266	255
235	267	270
262	228	237
267	268	271
262	270	271
271	268	258