1	2	3
1	4	5
3	4	1
4	6	5
7	8	9
7	10	11
9	10	7
2	11	10
2	1	11
1	12	11
5	13	1
13	12	1
14	5	6
14	15	5
15	13	5
14	16	15
17	8	7
18	8	17
11	19	7
19	17	7
12	20	11
20	19	11
13	21	12
21	20	12
15	22	13
22	21	13
23	15	16
22	15	23
24	18	17
25	18	24
19	26	17
26	24	17
20	27	19
27	26	19
21	28	20
28	27	20
22	29	21
29	28	21
30	22	23
29	22	30
24	31	25
31	32	33
31	24	32
24	26	32
27	34	26
34	32	26
28	35	27
35	34	27
36	29	37
36	35	29
35	28	29
30	37	29
32	38	33
34	38	32
39	38	34
35	39	34
40	39	35
36	40	35
41	42	43
41	44	45
43	44	41
45	3	2
45	44	3
44	46	3
4	3	47
3	46	47
6	48	49
6	4	48
4	47	48
48	50	49
9	42	41
9	8	42
8	51	42
10	9	41
45	10	41
2	10	45
6	49	14
16	52	53
14	52	16
14	50	52
14	49	50
52	54	53
55	56	57
55	57	51
55	51	18
18	51	8
53	58	23
16	53	23
59	53	54
58	53	59
60	56	55
61	56	60
18	25	60
55	18	60
58	62	30
23	58	30
63	58	59
62	58	63
60	64	61
65	66	64
31	65	64
31	64	60
31	60	25
31	33	65
37	67	36
37	68	67
30	68	37
30	69	68
30	62	69
63	69	62
65	70	66
71	72	70
38	71	70
38	70	65
38	65	33
38	39	73
71	38	73
39	40	74
73	39	74
40	75	74
36	75	40
36	76	75
36	67	76
68	76	67
71	77	72
73	77	71
78	77	73
74	78	73
79	78	74
75	79	74
80	81	82
80	83	84
82	83	80
84	85	86
83	85	84
85	87	86
88	89	90
88	43	42
88	90	43
90	91	43
81	80	44
81	44	91
91	44	43
46	44	80
84	46	80
47	46	84
86	47	84
86	87	92
86	92	47
47	92	48
92	50	48
93	50	92
94	89	88
95	89	94
42	51	94
88	42	94
50	93	96
52	50	96
96	54	52
97	54	96
57	95	94
57	56	95
56	98	95
51	57	94
54	97	59
97	99	59
56	61	98
98	61	100
59	99	63
99	101	63
102	61	64
102	103	61
103	100	61
64	66	102
69	104	68
69	105	104
69	63	105
63	101	105
102	106	103
107	108	106
70	107	106
70	106	102
70	102	66
70	72	107
76	109	75
76	110	109
68	110	76
68	111	110
68	104	111
105	111	104
107	112	108
72	112	107
72	77	112
77	113	112
78	114	77
77	114	113
79	115	78
78	115	114
109	79	75
109	116	79
116	115	79
110	116	109
82	117	118
81	117	82
83	82	119
82	118	119
85	83	120
83	119	120
87	121	122
87	85	121
85	120	121
121	123	122
90	124	125
89	124	90
91	90	126
90	125	126
117	81	91
126	117	91
87	122	92
93	127	128
92	127	93
92	123	127
92	122	123
127	129	128
89	95	124
124	95	130
93	128	96
128	97	96
128	129	97
129	131	97
95	98	130
130	98	132
97	131	99
131	133	99
98	100	132
132	100	134
99	133	101
133	135	101
100	103	134
134	103	136
101	135	105
135	137	105
103	138	136
106	138	103
138	106	108
139	138	108
111	140	141
110	111	141
137	111	105
140	111	137
108	142	139
112	142	108
143	144	142
143	142	113
113	142	112
113	114	145
143	113	145
146	145	114
146	114	147
147	114	115
116	148	115
115	148	147
141	116	110
148	116	141
143	149	144
145	149	143
150	149	145
146	150	145
118	151	152
117	151	118
119	118	153
118	152	153
120	119	154
119	153	154
155	154	156
155	121	154
121	120	154
121	155	123
125	124	157
158	125	157
158	159	125
159	126	125
151	117	126
159	151	126
155	156	160
161	160	162
127	160	161
127	155	160
127	123	155
127	161	129
157	163	164
157	124	163
124	130	163
158	157	164
161	162	165
165	129	161
165	166	129
166	131	129
130	132	163
163	132	167
131	166	133
166	168	133
132	134	167
167	134	169
133	168	135
168	170	135
134	136	169
169	136	171
135	170	137
170	172	137
136	173	171
138	173	136
173	138	139
174	173	139
140	175	176
141	140	176
172	140	137
175	140	172
139	177	174
142	177	139
144	178	179
144	179	142
142	179	177
178	180	181
179	178	181
180	146	147
180	147	181
181	147	182
148	183	147
147	183	182
176	148	141
183	148	176
144	149	178
150	178	149
180	178	150
146	180	150
152	151	184
185	152	184
185	186	152
186	153	152
187	186	188
187	154	186
154	153	186
154	187	156
159	189	190
158	189	159
184	151	159
184	159	191
191	159	190
185	184	191
187	188	192
156	187	192
156	192	160
160	192	193
193	162	160
194	162	193
164	195	196
163	195	164
189	158	164
196	189	164
162	194	197
165	162	197
197	166	165
198	166	197
163	167	195
195	167	199
166	198	168
198	200	168
167	169	199
199	169	201
168	200	170
200	202	170
203	171	204
203	201	171
201	169	171
203	204	205
206	207	208
206	202	207
206	172	202
172	170	202
171	173	204
174	209	210
173	174	210
173	210	205
173	205	204
210	209	211
212	213	214
208	213	212
206	208	212
206	212	176
206	176	175
172	206	175
174	177	209
209	215	211
209	177	215
177	179	215
181	216	179
179	216	215
182	217	181
181	217	216
214	183	212
214	217	183
217	182	183
176	212	183
186	185	218
186	218	188
190	189	219
190	220	191
219	220	190
191	220	221
185	191	221
185	221	222
185	222	218
223	222	224
192	222	223
192	218	222
192	188	218
192	225	193
223	225	192
193	225	194
196	195	226
196	226	227
189	196	227
189	227	228
189	228	219
220	219	228
229	220	228
221	220	229
223	224	230
225	223	230
231	225	230
232	231	233
197	231	232
197	225	231
197	194	225
197	232	198
226	199	234
195	199	226
235	227	226
234	235	226
236	232	233
237	236	233
198	236	200
232	236	198
234	201	238
199	201	234
239	235	234
238	239	234
240	236	237
241	240	237
200	240	202
236	240	200
201	203	238
205	242	243
203	205	243
203	243	239
203	239	238
243	242	244
245	246	247
241	246	245
240	241	245
240	245	208
240	208	207
202	240	207
205	210	242
211	248	249
210	211	249
210	249	244
210	244	242
248	250	251
249	248	251
250	252	253
251	250	253
247	253	252
245	247	252
245	252	214
245	214	213
208	245	213
211	215	248
216	248	215
250	248	216
217	250	216
252	250	217
214	252	217
222	221	254
222	254	224
228	227	255
228	256	229
255	256	228
229	254	221
229	256	254
256	257	254
224	258	230
224	254	258
254	257	258
230	259	231
258	259	230
231	259	233
255	235	260
227	235	255
256	255	261
261	255	260
257	256	262
262	256	261
258	257	263
263	257	262
259	258	264
264	258	263
233	264	237
259	264	233
260	239	265
235	239	260
261	260	266
266	260	265
262	261	267
267	261	266
263	262	268
268	262	267
264	263	269
269	263	268
237	269	241
264	269	237
239	243	265
244	265	243
244	270	265
270	266	265
267	266	271
271	266	270
268	267	272
272	267	271
246	272	247
246	269	272
269	268	272
241	269	246
244	249	270
251	270	249
271	270	251
253	271	251
272	271	253
247	272	253