1	2	3
1	4	5
3	4	1
5	6	7
4	6	5
6	8	7
9	10	11
2	9	11
2	1	9
1	12	9
5	13	1
13	12	1
7	14	5
14	13	5
15	7	8
15	16	7
16	14	7
15	17	16
18	10	9
19	10	18
12	20	9
20	18	9
13	21	12
21	20	12
14	22	13
22	21	13
16	23	14
23	22	14
24	16	17
23	16	24
25	19	18
26	19	25
20	27	18
27	25	18
21	28	20
28	27	20
22	29	21
29	28	21
23	30	22
30	29	22
31	23	24
30	23	31
25	32	26
32	33	34
32	25	33
25	27	33
28	35	27
35	33	27
29	36	28
36	35	28
37	30	38
37	36	30
36	29	30
31	38	30
33	39	34
35	39	33
40	39	35
36	40	35
41	40	36
37	41	36
42	43	44
42	45	46
44	45	42
46	47	48
45	47	46
47	49	48
50	51	52
43	50	52
42	50	43
42	2	50
42	3	2
4	3	42
46	4	42
6	4	46
48	6	46
8	53	54
6	53	8
6	49	53
6	48	49
53	55	54
56	57	58
51	56	58
50	56	51
50	10	56
50	11	10
2	11	50
8	54	15
17	59	60
15	59	17
15	55	59
15	54	55
59	61	60
62	57	56
63	57	62
10	19	62
56	10	62
60	64	24
17	60	24
65	60	61
64	60	65
66	63	62
67	63	66
19	26	66
62	19	66
64	68	31
24	64	31
69	64	65
68	64	69
66	70	67
71	72	70
32	71	70
32	70	66
32	66	26
32	34	71
38	73	37
38	74	73
31	74	38
31	75	74
31	68	75
69	75	68
71	76	72
77	78	76
39	77	76
39	76	71
39	71	34
39	40	79
77	39	79
40	41	80
79	40	80
41	81	80
37	81	41
37	82	81
37	73	82
74	82	73
77	83	78
79	83	77
84	83	79
80	84	79
85	84	80
81	85	80
86	87	88
86	44	43
86	88	44
88	89	44
45	44	90
44	89	90
47	45	91
45	90	91
91	49	47
92	49	91
93	94	95
87	93	95
86	93	87
86	51	93
86	52	51
43	52	86
49	92	96
53	49	96
55	97	98
55	53	97
53	96	97
97	99	98
58	94	93
58	57	94
57	100	94
51	58	93
55	98	59
98	61	59
98	99	61
99	101	61
57	63	100
100	63	102
61	101	65
101	103	65
63	67	102
102	67	104
65	103	69
103	105	69
106	67	70
106	107	67
107	104	67
70	72	106
75	108	74
75	109	108
75	69	109
69	105	109
106	110	107
111	112	110
76	111	110
76	110	106
76	106	72
76	78	111
82	113	81
82	114	113
74	114	82
74	115	114
74	108	115
109	115	108
111	116	112
78	116	111
78	83	116
83	117	116
118	119	117
118	117	84
84	117	83
120	118	84
120	84	121
121	84	85
113	85	81
113	122	85
122	121	85
114	122	113
118	123	119
120	123	118
88	124	125
87	124	88
89	88	126
88	125	126
90	89	127
89	126	127
91	90	128
90	127	128
92	129	130
92	91	129
91	128	129
129	131	130
95	132	133
94	132	95
124	87	95
133	124	95
92	130	96
130	131	134
130	134	96
96	134	97
134	99	97
135	99	134
94	100	132
132	100	136
99	135	101
135	137	101
138	139	140
138	140	136
138	136	102
102	136	100
101	137	103
137	141	103
138	142	139
142	138	102
142	102	143
143	102	104
103	141	105
141	144	105
104	107	143
143	107	145
105	144	109
144	146	109
107	147	145
110	147	107
147	110	112
148	147	112
115	149	150
114	115	150
146	115	109
149	115	146
112	151	148
116	151	112
152	153	151
152	151	117
117	151	116
117	119	152
121	154	120
155	154	121
155	121	156
156	121	122
150	122	114
156	122	150
152	157	153
119	157	152
119	123	157
123	158	157
154	123	120
154	159	123
159	158	123
155	159	154
125	124	160
161	125	160
161	162	125
162	126	125
127	126	163
126	162	163
128	127	164
127	163	164
165	164	166
165	129	164
129	128	164
129	165	131
133	167	168
132	167	133
160	124	133
160	133	169
169	133	168
161	160	169
165	166	170
131	165	170
131	170	134
134	170	171
171	135	134
172	135	171
132	136	167
167	136	173
135	172	137
172	174	137
140	139	175
140	175	176
140	176	136
136	176	173
137	174	141
174	177	141
139	142	175
175	142	143
175	143	176
176	143	178
141	177	144
177	179	144
143	145	178
178	145	180
144	179	146
179	181	146
145	182	180
147	182	145
182	147	148
183	182	148
149	184	185
150	149	185
181	149	146
184	149	181
148	186	183
151	186	148
153	187	188
153	188	151
151	188	186
188	187	189
190	191	192
190	155	156
190	156	191
191	156	193
185	156	150
193	156	185
153	157	187
187	194	189
187	157	194
157	158	194
192	159	190
192	194	159
194	158	159
155	190	159
162	161	195
196	162	195
196	197	162
197	163	162
164	163	198
163	197	198
198	166	164
199	166	198
168	167	200
201	168	200
201	202	168
202	169	168
195	161	169
195	169	203
203	169	202
196	195	203
166	199	204
170	166	204
205	204	206
205	171	204
171	170	204
171	205	172
200	207	208
200	167	207
167	173	207
201	200	208
205	206	209
209	172	205
209	210	172
210	174	172
173	176	207
207	176	211
174	210	177
210	212	177
176	178	211
211	178	213
177	212	179
212	214	179
215	180	216
215	213	180
213	178	180
215	216	217
218	219	220
218	214	219
218	181	214
181	179	214
180	182	216
183	221	222
182	183	222
182	222	217
182	217	216
222	221	223
224	225	226
220	225	224
218	220	224
218	224	185
218	185	184
181	218	184
183	186	221
221	227	223
221	186	227
186	188	227
189	228	229
189	229	188
188	229	227
228	192	191
228	191	229
229	191	230
226	193	224
226	230	193
230	191	193
185	224	193
189	194	228
192	228	194
197	196	231
197	232	198
231	232	197
198	232	199
202	201	233
234	202	233
234	235	202
235	203	202
231	196	203
231	203	236
236	203	235
232	231	236
237	232	236
238	237	239
204	237	238
204	232	237
204	199	232
204	238	206
208	207	240
208	240	241
201	208	241
201	241	242
201	242	233
234	233	242
238	239	243
244	243	245
209	243	244
209	238	243
209	206	238
209	244	210
240	211	246
207	211	240
247	241	240
246	247	240
248	244	245
249	248	245
210	248	212
244	248	210
246	213	250
211	213	246
251	247	246
250	251	246
252	248	249
253	252	249
212	252	214
248	252	212
213	215	250
217	254	255
215	217	255
215	255	251
215	251	250
255	254	256
257	258	259
253	258	257
252	253	257
252	257	220
252	220	219
214	252	219
217	222	254
223	260	261
222	223	261
222	261	256
222	256	254
260	262	263
261	260	263
262	264	265
263	262	265
259	265	264
257	259	264
257	264	226
257	226	225
220	257	225
223	227	260
229	260	227
262	260	229
230	262	229
264	262	230
226	264	230
235	234	266
235	267	236
266	267	235
236	268	237
267	268	236
237	268	239
242	241	269
242	266	234
242	269	266
269	270	266
267	266	271
271	266	270
268	267	272
272	267	271
239	273	243
239	268	273
268	272	273
243	273	245
269	247	274
241	247	269
270	269	275
275	269	274
271	270	276
276	270	275
272	271	277
277	271	276
273	272	278
278	272	277
245	278	249
273	278	245
274	251	279
247	251	274
275	274	280
280	274	279
276	275	281
281	275	280
277	276	282
282	276	281
278	277	283
283	277	282
249	283	253
278	283	249
251	255	279
256	279	255
256	284	279
284	280	279
281	280	285
285	280	284
282	281	286
286	281	285
258	286	259
258	283	286
283	282	286
253	283	258
256	261	284
263	284	261
285	284	263
265	285	263
286	285	265
259	286	265